100
500
70 89 148
14 12 24
30 0 128
12 78 157
11 28 99
94 1 153
72 2 47
53 92 56
73 14 121
23 19 198
43 21 183
24 47 174
91 23 55
59 60 89
61 98 129
98 12 131
33 55 49
32 20 51
50 1 24
64 80 187
56 32 118
74 32 61
33 40 39
10 98 52
0 45 93
3 67 78
76 54 192
76 23 179
97 5 178
85 69 110
32 23 175
81 61 171
40 27 175
72 79 153
13 48 62
69 96 91
94 56 142
64 3 55
0 21 138
87 87 191
46 66 22
26 89 51
70 6 111
75 46 33
12 21 44
83 70 138
37 55 112
29 88 192
13 83 29
12 73 5
48 96 9
71 35 200
49 52 137
4 26 106
96 64 33
92 22 115
71 45 123
75 12 159
80 52 114
41 26 185
27 68 158
11 22 81
29 23 171
2 72 20
24 9 50
57 63 179
35 0 89
40 27 38
99 13 79
33 79 161
19 16 161
23 66 173
4 32 105
25 65 55
82 96 185
95 68 111
32 91 134
22 97 93
9 5 32
60 66 146
4 30 12
28 32 53
82 10 155
25 35 174
44 58 158
45 74 160
26 67 66
19 54 127
86 55 129
24 72 140
79 92 91
86 73 157
0 77 106
50 20 138
67 52 189
44 86 38
75 16 35
52 17 183
90 51 96
38 83 181
82 28 118
79 30 56
57 77 187
52 61 148
31 73 193
89 6 35
9 36 182
35 77 167
44 35 163
65 80 34
51 76 154
6 1 34
93 82 86
14 12 171
63 81 102
85 1 190
72 29 94
35 74 173
82 20 3
76 46 166
9 24 80
85 45 21
43 10 98
99 86 136
32 26 183
96 55 81
99 66 133
28 26 58
12 67 83
7 43 68
77 74 4
42 60 34
50 91 43
31 16 91
99 21 169
86 48 66
73 20 198
86 89 70
25 82 142
48 21 58
88 41 44
13 96 10
21 19 189
39 27 176
65 58 3
94 3 85
13 19 49
51 43 53
50 58 95
23 52 131
10 57 188
1 62 193
6 99 105
55 52 24
14 82 176
65 11 26
57 61 123
54 86 175
31 17 90
72 28 152
20 14 43
92 25 90
4 57 164
37 82 67
60 73 111
25 0 186
55 27 178
89 7 192
13 9 192
76 41 24
12 34 104
88 76 137
18 79 34
8 53 172
77 19 34
83 79 68
3 83 34
26 49 181
95 17 100
28 63 70
42 63 58
0 72 25
17 68 116
84 34 112
70 32 50
26 24 191
10 32 197
75 19 58
84 50 200
40 2 91
60 16 197
75 96 7
83 18 145
48 62 57
86 60 97
10 29 49
83 98 184
44 11 133
26 5 167
46 94 6
93 8 39
14 35 50
88 71 141
82 6 146
41 11 92
42 58 40
94 52 97
15 33 117
92 12 45
93 39 26
41 43 57
50 20 71
27 11 15
40 95 16
31 10 164
73 6 139
0 16 125
18 78 50
89 27 32
57 69 194
48 43 196
86 94 133
78 73 37
90 14 89
16 38 151
35 71 66
13 27 50
17 73 76
76 15 135
82 8 29
69 89 104
28 69 91
25 62 155
86 63 51
51 51 156
23 3 61
11 85 89
81 15 174
72 90 73
30 77 13
11 45 124
6 81 109
63 44 85
96 29 186
34 26 111
25 45 199
71 66 91
95 27 34
21 6 192
79 45 47
50 81 185
39 79 120
90 50 137
95 83 14
30 90 147
92 38 4
68 38 43
49 84 164
48 77 8
18 75 4
7 87 77
77 16 137
98 76 172
91 5 185
23 78 20
2 96 19
68 40 54
45 12 116
97 63 35
71 98 103
71 32 35
13 67 186
45 10 13
6 30 5
9 82 51
43 0 165
6 17 160
48 49 38
47 14 106
34 51 100
28 34 77
17 38 152
65 16 194
90 60 85
73 30 182
53 57 45
86 64 175
37 28 41
50 19 63
9 44 88
27 8 187
78 85 152
27 34 160
46 62 25
55 58 3
48 8 94
60 73 98
3 54 162
15 19 171
15 3 142
18 35 113
70 40 154
7 8 142
99 40 77
38 80 185
61 91 42
71 55 17
5 60 193
72 11 84
85 31 5
62 92 32
62 79 122
11 29 154
3 20 116
45 69 24
45 8 33
39 60 171
90 3 74
8 87 152
41 88 32
79 84 74
96 15 157
95 94 98
96 48 1
4 93 114
17 67 30
98 23 15
94 68 75
10 93 117
56 10 81
76 80 106
5 37 194
75 72 114
12 48 32
84 40 99
44 98 141
69 90 96
99 83 68
45 16 183
1 65 13
39 56 81
16 81 5
73 69 174
36 48 28
62 62 97
38 36 116
48 19 78
77 83 35
12 7 15
47 38 22
47 79 126
37 31 152
30 73 163
23 10 147
34 24 190
40 97 127
24 91 137
98 23 159
17 51 101
46 71 64
17 29 190
59 16 191
75 58 59
88 35 129
83 99 136
10 88 104
66 45 161
92 58 12
83 16 98
11 43 84
71 89 142
52 95 67
0 89 57
73 52 13
26 73 156
99 0 58
6 37 65
14 14 143
33 60 90
29 29 61
69 91 132
76 13 144
10 23 26
8 71 91
48 31 44
91 21 18
73 97 6
19 54 130
84 36 39
4 49 188
22 85 144
74 19 37
85 34 155
2 8 29
44 35 200
43 3 59
43 95 186
23 60 178
9 3 1
4 8 200
23 71 200
18 55 145
62 45 158
49 50 185
95 29 187
27 3 142
30 28 81
79 25 28
63 94 10
19 29 45
68 94 188
13 18 37
66 81 81
72 13 96
67 28 100
62 69 47
77 1 20
3 91 51
76 23 91
4 37 178
99 61 35
0 65 134
47 30 69
68 82 17
85 70 77
39 0 18
87 69 22
50 11 127
34 92 8
89 97 198
58 54 139
95 77 59
98 34 96
65 86 91
36 2 22
84 26 32
11 16 158
31 16 7
81 86 101
61 82 1
56 78 4
5 74 54
29 34 141
45 46 188
74 71 30
48 85 143
5 66 107
56 90 165
24 35 51
86 77 181
84 56 156
11 17 95
99 17 13
26 29 44
19 18 191
3 78 174
89 64 109
16 95 134
52 97 160
26 46 103
21 42 58
54 99 77
79 1 174
1 67 91
83 57 180
62 52 115
86 18 62
89 71 96
21 46 164
81 79 56
0 26 185
79 2 18
38 72 183
47 20 91
1 76 109
10 97 130
82 72 19
89 46 148
72 69 56
69 8 69
98 49 121
27 55 160
43 98 42
21 53 168
96 40 36
34 86 38
18 77 100
76 58 154
34 84 161
41 7 73
23 67 139
58 23 153
16 50 128
43 61 198
33 73 26
43 56 105
19 61 194
77 19 32
49 2 136
65 62 97
